17138807538
17138807539
17138807540
17138807541
17138807542
17138807543
17138807544
17138807545
17138807546
17138807547
17138807548
17138807549
17138807550
17138807551
17138807552
17138807553
17138807554
17138807555
17138807556
17138807557
17138807558
17138807559
17138807560
17138807561
17138807562
17138807563
17138807564
17138807565
17138807566
17138807567
17138807568
17138807569
17138807570
17138807571
17138807572
17138807573
17138807574
17138807575
17138807576
17138807577
17138807578
17138807579
17138807580
17138807581
17138807582
17138807583
17138807584
17138807585
17138807586
17138807587
17138807588
17138807589
17138807590
17138807591
17138807592
17138807593
17138807594
17138807595
17138807596
17138807597
17138807598
17138807599
17138807600
17138807601
17138807602
17138807603
17138807604
17138807605
17138807606
17138807607
17138807608
17138807609
17138807610
17138807611
17138807612
17138807613
17138807614
17138807615
17138807616
17138807617
17138807618
17138807619
17138807620
17138807621
17138807622
17138807623
17138807624
17138807625
17138807626
17138807627
17138807628
17138807629
17138807630
17138807631
17138807632
17138807633
17138807634
17138807635
17138807636
17138807637
17138807638
17138807639
17138807640
17138807641
17138807642
17138807643
17138807644
17138807645
17138807646
17138807647
17138807648
17138807649
17138807650
17138807651
17138807652
17138807653
17138807654
17138807655
17138807656
17138807657
17138807658
17138807659
17138807660
17138807661
17138807662
17138807663
17138807664
17138807665
17138807666
17138807667
17138807668
17138807669
17138807670
17138807671
17138807672
17138807673
17138807674
17138807675
17138807676
17138807677
17138807678
17138807679
17138807680
17138807681
17138807682
17138807683
17138807684
17138807685
17138807686
17138807687
17138807688
17138807689
17138807690
17138807691
17138807692
17138807693
17138807694
17138807695
17138807696
17138807697
