17238807501
17238807502
17238807503
17238807504
17238807505
17238807506
17238807507
17238807508
17238807509
17238807510
17238807511
17238807512
17238807513
17238807514
17238807515
17238807516
17238807517
17238807518
17238807519
17238807520
17238807521
17238807522
17238807523
17238807524
17238807525
17238807526
17238807527
17238807528
17238807529
17238807530
17238807531
17238807532
17238807533
17238807534
17238807535
17238807536
17238807537
17238807538
17238807539
17238807540
17238807541
17238807542
17238807543
17238807544
17238807545
17238807546
17238807547
17238807548
17238807549
17238807550
17238807551
17238807552
17238807553
17238807554
17238807555
17238807556
17238807557
17238807558
17238807559
17238807560
17238807561
17238807562
17238807563
17238807564
17238807565
17238807566
17238807567
17238807568
17238807569
17238807570
17238807571
17238807572
17238807573
17238807574
17238807575
17238807576
17238807577
17238807578
17238807579
17238807580
17238807581
17238807582
17238807583
17238807584
17238807585
17238807586
17238807587
17238807588
17238807589
17238807590
17238807591
17238807592
17238807593
17238807594
17238807595
17238807596
17238807597
17238807598
17238807599
17238807600
17238807601
17238807602
17238807603
17238807604
17238807605
17238807606
17238807607
17238807608
17238807609
17238807610
17238807611
17238807612
17238807613
17238807614
17238807615
17238807616
17238807617
17238807618
17238807619
17238807620
17238807621
17238807622
17238807623
17238807624
17238807625
17238807626
17238807627
17238807628
17238807629
17238807630
17238807631
17238807632
17238807633
17238807634
17238807635
17238807636
17238807637
17238807638
17238807639
17238807640
17238807641
17238807642
17238807643
17238807644
17238807645
17238807646
17238807647
17238807648
17238807649
17238807650
17238807651
17238807652
17238807653
17238807654
17238807655
17238807656
17238807657
17238807658
17238807659
17238807660
17238807661
17238807662
17238807663
17238807664
17238807665
17238807666
17238807667
17238807668
17238807669
17238807670
17238807671
17238807672
17238807673
17238807674
17238807675
17238807676
17238807677
17238807678
17238807679
17238807680
17238807681
17238807682
17238807683
17238807684
17238807685
17238807686
17238807687
17238807688
17238807689
17238807690
17238807691
17238807692
17238807693
17238807694
17238807695
17238807696
17238807697
17238807698
17238807699
17238807700
17238807701
17238807702
17238807703
17238807704
17238807705
17238807706
17238807707
17238807708
17238807709
17238807710
17238807711
17238807712
17238807713
17238807714
17238807715
17238807716
17238807717
17238807718
17238807719
17238807720
17238807721
17238807722
17238807723
17238807724
17238807725
17238807726
17238807727
17238807728
17238807729
17238807730
17238807731
17238807732
17238807733
17238807734
17238807735
17238807736
17238807737
17238807738
17238807739
17238807740
17238807741
17238807742
17238807743
17238807744
17238807745
17238807746
17238807747
17238807748
17238807749
17238807750
17238807751
17238807752
17238807753
17238807754
17238807755
17238807756
17238807757
17238807758
17238807759
17238807760
17238807761
17238807762
17238807763
17238807764
17238807765
17238807766
17238807767
17238807768
17238807769
17238807770
17238807771
17238807772
17238807773
17238807774
17238807775
17238807776
17238807777
17238807778
17238807779
17238807780
17238807781
17238807782
17238807783
17238807784
17238807785
17238807786
17238807787
17238807788
17238807789
17238807790
17238807791
17238807792
17238807793
17238807794
17238807795
17238807796
17238807797
17238807798
17238807799
17238807800
