0085234205239
01021329408
01021329537
01021329544
01021329552
01021329553
01021330717
01021332465
01021337950
01021338012
01021338044
01021338049
01021338052
01021338095
01021338105
01021338132
01021338150
01021338153
01021338164
01021338187
01021338201
01021338215
01021338243
01021338272
01021338302
01021338344
01021338346
01021338351
01021338372
01021338411
01021338438
01021338443
01021338462
01021338463
01021338471
01021338475
01021338490
01021338494
01021338531
01021338630
01021338853
01021339232
01021339731
01021339981
01021340086
01021340112
01021340148
01021340182
01021340246
01021340252
01021340260
01021340287
01021340313
01021340332
01021340339
01021340410
01021340420
01021340465
01021340516
01021340527
01021340551
01021340598
01021340622
01021340642
01021340714
01021340728
01021340741
01021340765
01021340769
01021340772
01021340778
01021340779
01021340785
01021340797
01021340809
01021340827
01021340829
01021340836
01021340908
01021340913
01021340956
01021340970
01021341008
01021341025
01021341028
01021341034
01021341047
01021341072
01021341081
01021341090
01021341105
01021341107
01021341120
01021341138
01021341154
01021341169
01021341184
01021341192
01021341220
01021341238